OBS YEAR VESSEL PAIR HAUL15 HAUL30 EFFORT15 EFFORT30 CATCH15F CATCH30F

  1 1998   88     1    401     12   1.83865  4.14653     2        1   
  2 1998   88     2    402    403   2.01800  3.91055     1        0   
  3 1998   88     3    404     13   2.23150  4.26532     1        1   
  4 1998   88     4    405    406   2.00325  4.48267     0        0   
  5 1998   88     5    407     14   2.14975  4.30680     0        0   
  6 1998   88     6    408    409   2.22777  4.39073     0        0   
  7 1998   88     7    410     15   2.02070  4.29286     0        0   
  8 1998   88     8    411    412   2.35300  4.16208     2        0   
  9 1998   88     9    413     16   2.28964  4.26342     0        0   
 10 1998   88    10    414    415   1.99846  4.16914     0        0   
 11 1998   88    11    416    417   3.13495  4.45893     0        0   
 12 1998   88    12    418     21   2.19488  4.36036     0        0   
 13 1998   88    13    419    420   2.21645  4.51603     0        2   
 14 1998   88    14    421     22   2.17080  4.20065     0        0   
 15 1998   88    15    422    423   2.17318  4.27790     1        0   
 16 1998   88    16    424     23   2.33030  4.45788     0        0   
 17 1998   88    17    425    426   1.96123  4.37162     1        0   
 18 1998   88    18    427     24   2.31637  4.41117     0        0   
 19 1998   88    19    428    429   2.20674  4.44605     0        0   
 20 1998   88    20    430     25   2.29004  4.37085     0        2   
 21 1998   88    21    431     31   2.35276  4.67485     4        4   
 22 1998   88    22    432    434   2.33910  4.45419     2        5   
 23 1998   88    23    435     32   2.30770  4.58659     1        1   
 24 1998   88    24    436    437   2.25890  4.42505     0        1   
 25 1998   88    25    439     33   2.71767  4.57660     0        3   
 26 1998   88    26    440    441   2.38324  4.77465     2        2   
 27 1998   88    27    442     34   2.19266  4.66598     0        1   
 28 1998   88    28    443    444   2.24871  4.40368     0        0   
 29 1998   88    29    445     35   2.41215  4.81382     0        0   
 30 1998   88    30    446    447   2.42352  5.04729     0        0   
 31 1998   88    31    501     64   2.34152  4.44121     0        2   
 32 1998   88    32    502     79   2.53316  4.86552     0        0   
 33 1998   88    33    503     93   2.51894  4.74376     3        3   
 34 1998   88    34    504    104   2.35127  4.46486     0        0   
 35 1998   88    35    505    114   2.41832  4.94509     0        0   
 36 1998   88    36    506    119   2.48457  4.82612     0        0   
 37 1998   88    37    507    128   2.81957  5.38853     5        6   
 38 1998   88    38    508    133   2.74806  5.33756    25       34   
 39 1998   88    39    509    141   2.58470  5.75808     0        0   
 40 1998   88    40    510    145   2.68168  5.69854     0        0   
 41 1998   88    41    511    150   2.78908  5.08583     0        0   
 42 1998   89     1    401    402   2.46500  4.91142     0        0   
 43 1998   89     2    403      5   2.51366  4.83842     0        0   
 44 1998   89     3    404    405   2.58401  5.03263     0        0   
 45 1998   89     4    406      6   2.59326  5.19260     0        0   
 46 1998   89     5    407    408   2.55617  5.00746     0        0   
 47 1998   89     6    409      7   2.50272  4.93724     0        0   
 48 1998   89     7    411    410   2.45627  4.79305     0        1   
 49 1998   89     8    412      8   2.55879  4.94614     0        3   
 50 1998   89     9    413      9   2.46638  4.78922     1        2   
 51 1998   89    10    415    414   2.45227  4.81815     0        2   
 52 1998   89    11    416     10   2.36316  4.82062     0        0   
 53 1998   89    12    418    417   2.51235  4.77470     0        0   
 54 1998   89    13    419     11   2.41626  4.84212     0        0   
 55 1998   89    14    421    420   2.49622  4.81867     2        0   
 56 1998   89    15    422     12   2.42107  4.63980     0        1   
 57 1998   89    16    424    423   2.28804  4.51059     0        0   
 58 1998   89    17    425     13   2.38400  4.63044     1        0   
 59 1998   89    18    427    426   2.45382  4.75157     0        0   
 60 1998   89    19    429    428   2.61538  4.84854     0        0   
 61 1998   89    20    430     19   2.56122  4.90156     0        0   
 62 1998   89    21    432    431   2.46354  4.90253     0        0   
 63 1998   89    22    433     20   2.33190  5.03494     1        1   
 64 1998   89    23    435    434   2.26500  4.59459     1        1   
 65 1998   89    24    436     21   2.42077  4.80256     1        3   
 66 1998   89    25    438    437   2.48034  4.75988     2        6   
 67 1998   89    26    439     22   2.41337  4.88104     2        3   
 68 1998   89    27    441    440   2.60025  4.97835     1       10   
 69 1998   89    28    442     23   2.77594  5.17132     4        6   
 70 1998   89    29    444    443   2.61678  5.20131     3        7   
 71 1998   89    30    445     24   2.72305  5.25849     7        5   
 72 1998   89    31    501     59   2.64538  5.29997     0        2   
 73 1998   89    32    502     74   2.47597  4.94673     1        0   
 74 1998   89    33    503     79   2.92414  5.34075     1        9   
 75 1998   89    34    504    107   2.50435  5.08950     0        0   
 76 1998   89    35    505    146   2.65219  5.11057     0        0   
 77 1998   89    36    506    155   3.02653  5.57090     5        3   
 78 1998   89    37    507    165   2.91633  5.58160     0        0   
 79 1998   89    38    601    600   2.42925  4.92130     0        4   
 80 1998   89    39    603    602   2.44802  4.77529    12        0   
 81 1998   89    40    605    604   2.64525  4.97198     0        3   
 82 1998   89    41    607    606   2.61029  5.19564     1        4   
 83 1998   89    42    609    608   2.73991  5.36526     2        0   
 84 1998   89    43    611    610   2.94137  5.39382     0        0   
 85 1998   89    44    613    612   2.42570  4.44177     0        2   
 86 1998   89    45    615    614   2.49170  5.11457     2        5   
 87 1998   89    46    617    616   2.63538  5.02572     1        0   
 88 1998   89    47    619    618   2.81261  5.31067     7        0   
 89 1998   89    48    621    620   2.87320  5.37297     0        3   
 90 1998   89    49    623    622   2.87354  5.78545     3        1   
 91 1998   89    50    625    624   2.79641  5.18146     0        1   
 92 1998   89    51    627    626   2.72874  5.21881     0        0   
 93 1998   89    52    628    629   2.83591  5.29379     0        0   
 94 1998   89    53    631    630   2.71909  5.32633     1        0  
