OBS YEAR VESSEL PAIR HAUL15 HAUL30 EFFORT15 EFFORT30 CATCH15F CATCH30F

  1 1998   88     1    401     12   1.83865  4.14653      0      1.000
  2 1998   88     2    402    403   2.01800  3.91055     41     35.000
  3 1998   88     3    404     13   2.23150  4.26532     26     69.000
  4 1998   88     4    405    406   2.00325  4.48267     29     56.000
  5 1998   88     5    407     14   2.14975  4.30680     20     87.000
  6 1998   88     6    408    409   2.22777  4.39073     62    104.000
  7 1998   88     7    410     15   2.02070  4.29286     14     29.000
  8 1998   88     8    411    412   2.35300  4.16208     25     77.000
  9 1998   88     9    413     16   2.28964  4.26342     30     56.000
 10 1998   88    10    414    415   1.99846  4.16914     18     18.000
 11 1998   88    11    416    417   3.13495  4.45893      1      3.000
 12 1998   88    12    418     21   2.19488  4.36036      1      5.000
 13 1998   88    13    419    420   2.21645  4.51603      6      6.000
 14 1998   88    14    421     22   2.17080  4.20065      5     26.000
 15 1998   88    15    422    423   2.17318  4.27790      7     13.000
 16 1998   88    16    424     23   2.33030  4.45788     10     19.000
 17 1998   88    17    425    426   1.96123  4.37162     13     11.000
 18 1998   88    18    427     24   2.31637  4.41117     10     20.000
 19 1998   88    19    428    429   2.20674  4.44605     14     13.000
 20 1998   88    20    430     25   2.29004  4.37085     18     40.000
 21 1998   88    21    431     31   2.35276  4.67485      0     10.000
 22 1998   88    22    432    434   2.33910  4.45419      1      1.000
 23 1998   88    23    435     32   2.30770  4.58659      0      0.000
 24 1998   88    24    436    437   2.25890  4.42505      0      1.000
 25 1998   88    25    439     33   2.71767  4.57660      0      1.000
 26 1998   88    26    440    441   2.38324  4.77465      1      0.000
 27 1998   88    27    442     34   2.19266  4.66598      0      0.000
 28 1998   88    28    443    444   2.24871  4.40368      0      1.000
 29 1998   88    29    445     35   2.41215  4.81382      0      0.000
 30 1998   88    30    446    447   2.42352  5.04729      0      0.000
 31 1998   88    31    501     64   2.34152  4.44121      0      0.000
 32 1998   88    32    502     79   2.53316  4.86552      0      0.000
 33 1998   88    33    503     93   2.51894  4.74376      0      0.000
 34 1998   88    34    504    104   2.35127  4.46486      0      0.000
 35 1998   88    35    505    114   2.41832  4.94509      0      0.000
 36 1998   88    36    506    119   2.48457  4.82612      0      0.000
 37 1998   88    37    507    128   2.81957  5.38853      0      0.000
 38 1998   88    38    508    133   2.74806  5.33756      0      0.000
 39 1998   88    39    509    141   2.58470  5.75808      0      0.000
 40 1998   88    40    510    145   2.68168  5.69854      0      0.000
 41 1998   88    41    511    150   2.78908  5.08583      0      0.000
 42 1998   89     1    401    402   2.46500  4.91142    172    204.000
 43 1998   89     2    403      5   2.51366  4.83842      2     16.000
 44 1998   89     3    404    405   2.58401  5.03263      4     17.000
 45 1998   89     4    406      6   2.59326  5.19260     14     19.000
 46 1998   89     5    407    408   2.55617  5.00746     20     68.000
 47 1998   89     6    409      7   2.50272  4.93724     60    238.193
 48 1998   89     7    411    410   2.45627  4.79305     54     99.000
 49 1998   89     8    412      8   2.55879  4.94614      9      6.000
 50 1998   89     9    413      9   2.46638  4.78922     38     62.000
 51 1998   89    10    415    414   2.45227  4.81815     73    168.000
 52 1998   89    11    416     10   2.36316  4.82062     22     30.000
 53 1998   89    12    418    417   2.51235  4.77470     13     27.000
 54 1998   89    13    419     11   2.41626  4.84212     17     22.000
 55 1998   89    14    421    420   2.49622  4.81867    123    212.000
 56 1998   89    15    422     12   2.42107  4.63980    111    170.000
 57 1998   89    16    424    423   2.28804  4.51059     78    147.000
 58 1998   89    17    425     13   2.38400  4.63044     29     49.000
 59 1998   89    18    427    426   2.45382  4.75157     15     13.000
 60 1998   89    19    429    428   2.61538  4.84854      0      0.000
 61 1998   89    20    430     19   2.56122  4.90156      2      1.000
 62 1998   89    21    432    431   2.46354  4.90253      4      0.000
 63 1998   89    22    433     20   2.33190  5.03494      5      9.000
 64 1998   89    23    435    434   2.26500  4.59459      4      2.000
 65 1998   89    24    436     21   2.42077  4.80256      4      9.000
 66 1998   89    25    438    437   2.48034  4.75988     13     39.000
 67 1998   89    26    439     22   2.41337  4.88104      2     17.000
 68 1998   89    27    441    440   2.60025  4.97835      6     14.000
 69 1998   89    28    442     23   2.77594  5.17132     21     38.000
 70 1998   89    29    444    443   2.61678  5.20131     24     61.000
 71 1998   89    30    445     24   2.72305  5.25849     42     72.000
 72 1998   89    31    501     59   2.64538  5.29997      0      0.000
 73 1998   89    32    502     74   2.47597  4.94673      0      0.000
 74 1998   89    33    503     79   2.92414  5.34075      0      0.000
 75 1998   89    34    504    107   2.50435  5.08950      0      0.000
 76 1998   89    35    505    146   2.65219  5.11057      0      0.000
 77 1998   89    36    506    155   3.02653  5.57090      0      0.000
 78 1998   89    37    507    165   2.91633  5.58160      0      0.000
 79 1998   89    38    601    600   2.42925  4.92130     23     65.000
 80 1998   89    39    603    602   2.44802  4.77529     24     75.000
 81 1998   89    40    605    604   2.64525  4.97198     39     29.000
 82 1998   89    41    607    606   2.61029  5.19564      1      0.000
 83 1998   89    42    609    608   2.73991  5.36526      0      0.000
 84 1998   89    43    611    610   2.94137  5.39382      0      0.000
 85 1998   89    44    613    612   2.42570  4.44177    110    215.000
 86 1998   89    45    615    614   2.49170  5.11457      0      0.000
 87 1998   89    46    617    616   2.63538  5.02572      0      0.000
 88 1998   89    47    619    618   2.81261  5.31067      0      0.000
 89 1998   89    48    621    620   2.87320  5.37297      0      0.000
 90 1998   89    49    623    622   2.87354  5.78545      0      0.000
 91 1998   89    50    625    624   2.79641  5.18146      0      0.000
 92 1998   89    51    627    626   2.72874  5.21881      0      0.000
 93 1998   89    52    628    629   2.83591  5.29379      0      0.000
 94 1998   89    53    631    630   2.71909  5.32633      0      0.000
