OBS CPUE15T  CPUE30T   RATIOF   RATIOM   RATIOT   LNRATF    LNRATM    LNRATT

  1   4.351   4.5821   .       1.00231  0.94956    .        0.00231  -0.05176
  2  37.661  15.3431  2.27003  2.71296  2.45459   0.81979   0.99804   0.89796
  3  14.340  20.8660  0.72024  0.57342  0.68725  -0.32817  -0.55613  -0.37506
  4  21.465  16.9542  1.15881  1.56639  1.26606   0.14739   0.44877   0.23591
  5   9.769  25.7732  0.46055  0.08347  0.37902  -0.77533  -2.48321  -0.97016
  6  29.177  24.8250  1.17496  1.18254  1.17531   0.16124   0.16767   0.16153
  7   8.413   8.8519  1.02559  0.70815  0.95041   0.02527  -0.34510  -0.05086
  8  16.150  24.7472  0.57430  0.88442  0.65258  -0.55461  -0.12282  -0.42682
  9  23.148  22.0480  0.99753  1.12703  1.04988  -0.00248   0.11959   0.04867
 10  16.513  14.1516  2.08618  0.76323  1.16684   0.73533  -0.27019   0.15430
 11   0.957   1.7942  0.47411  0.56893  0.53337  -0.74632  -0.56399  -0.62853
 12   1.822   2.2934  0.39732  1.19196  0.79464  -0.92301   0.17560  -0.22986
 13   4.512   3.1001  2.03751  1.01875  1.45536   0.71173   0.01858   0.37526
 14   8.753   9.7604  0.37213  1.80607  0.89674  -0.98851   0.59115  -0.10899
 15  13.805  12.3893  1.05996  1.13189  1.11424   0.05823   0.12388   0.10818
 16  12.874  10.9918  1.00685  1.27534  1.17123   0.00682   0.24321   0.15805
 17  13.257   9.6074  2.63429  0.93475  1.37987   0.96862  -0.06748   0.32199
 18   8.634   9.9747  0.95217  0.79348  0.86561  -0.04901  -0.23133  -0.14432
 19  11.782   6.9725  2.16975  1.34318  1.68980   0.77461   0.29504   0.52461
 20  12.664  13.7273  0.85889  1.04975  0.92251  -0.15212   0.04855  -0.08066
 21   3.825   7.7008   .       0.68779  0.49674    .       -0.37427  -0.69969
 22  11.970  10.1029  1.90423  1.16850  1.18485   0.64408   0.15572   0.16962
 23   6.067   9.5932   .       0.63239  0.63239    .       -0.45825  -0.45825
 24   3.542   4.0678   .       0.92185  0.87064    .       -0.08137  -0.13853
 25   0.736   0.8740   .       1.12268  0.84201    .        0.11571  -0.17197
 26  19.721  14.6608   .       1.31654  1.34516    .        0.27501   0.29651
 27   3.192   1.0716   .       2.97920  2.97920    .        1.09166   1.09166
 28   0.000   0.2271   .        .        .         .         .         .     
 29   0.415   0.2077   .       1.99565  1.99565    .        0.69097   0.69097
 30   0.000   0.0000   .        .        .         .         .         .     
 31   0.000   0.0000   .        .        .         .         .         .     
 32   0.000   0.0000   .        .        .         .         .         .     
 33   0.000   0.0000   .        .        .         .         .         .     
 34   0.000   0.0000   .        .        .         .         .         .     
 35   0.000   0.0000   .        .        .         .         .         .     
 36   0.000   0.0000   .        .        .         .         .         .     
 37   0.000   0.0000   .        .        .         .         .         .     
 38   0.000   0.0000   .        .        .         .         .         .     
 39   0.000   0.0000   .        .        .         .         .         .     
 40   0.000   0.0000   .        .        .         .         .         .     
 41   0.000   0.0000   .        .        .         .         .         .     
 42 131.846  82.6645  1.67992  1.50914  1.59495   0.51875   0.41154   0.46684
 43   2.785   5.7870  0.24061  0.80202  0.48121  -1.42459  -0.22062  -0.73144
 44   2.322   6.7559  0.45826  0.22913  0.34370  -0.78032  -1.47346  -1.06800
 45   5.399   5.1997  1.47541   .       1.03825   0.38894    .        0.03754
 46   8.998  16.3756  0.57617  0.41978  0.54947  -0.55135  -0.86802  -0.59880
 47  29.967  57.9662  0.49693  0.61648  0.51698  -0.69931  -0.48372  -0.65975
 48  28.498  26.4967  1.06437  1.11506  1.07555   0.06239   0.10891   0.07283
 49   8.989   7.6828  2.89950  0.84569  1.16997   1.06454  -0.16760   0.15698
 50  17.434  17.7482  1.19014  0.42213  0.98232   0.17407  -0.86244  -0.01783
 51  36.293  42.7550  0.85374  0.82727  0.84886  -0.15813  -0.18962  -0.16386
 52  16.503  11.2019  1.49593  1.44493  1.47326   0.40275   0.36806   0.38748
 53  11.145  11.5191  0.91505  1.01812  0.96752  -0.08878   0.01796  -0.03302
 54  10.347   8.8804  1.54852  0.76342  1.16510   0.43730  -0.26995   0.15281
 55  57.287  52.7117  1.11999  0.91923  1.08679   0.11332  -0.08422   0.08323
 56  52.869  49.7867  1.25131  0.53409  1.06192   0.22419  -0.62720   0.06008
 57  47.202  50.7694  1.04604  0.72123  0.92973   0.04501  -0.32679  -0.07286
 58  25.587  22.2441  1.14952  1.15099  1.15029   0.13935   0.14062   0.14002
 59  11.818   7.9974  2.23430  1.08438  1.47778   0.80393   0.08101   0.39054
 60   0.382   1.0312   .       0.37077  0.37077    .       -0.99217  -0.99217
 61   1.171   0.8161  3.82752  0.63792  1.43532   1.34222  -0.44954   0.36139
 62   1.624   1.6318   .        .       0.99502    .         .       -0.00499
 63  22.299  15.4917  1.19953  1.47073  1.43944   0.18193   0.38576   0.36425
 64   6.181   2.8294  4.05704  1.84411  2.18456   1.40045   0.61200   0.78141
 65   4.544   5.4138  0.88173  0.81690  0.83934  -0.12587  -0.20224  -0.17514
 66  14.514  23.7401  0.63968  0.59646  0.61138  -0.44678  -0.51674  -0.49204
 67  11.602  14.5461  0.23794  0.97380  0.79761  -1.43573  -0.02655  -0.22614
 68  29.613  28.9253  0.82053  1.04565  1.02376  -0.19781   0.04464   0.02348
 69  28.459  21.0778  1.02950  1.52181  1.35018   0.02907   0.41990   0.30024
 70  13.375  18.2646  0.78204  0.64307  0.73230  -0.24585  -0.44150  -0.31156
 71  18.729  17.1152  1.12648  0.96555  1.09429   0.11909  -0.03506   0.09011
 72   0.000   0.0000   .        .        .         .         .         .     
 73   0.000   0.0000   .        .        .         .         .         .     
 74   0.000   0.0000   .        .        .         .         .         .     
 75   0.000   0.0000   .        .        .         .         .         .     
 76   0.000   0.1957   .        .        .         .         .         .     
 77   0.000   0.0000   .        .        .         .         .         .     
 78   0.000   0.0000   .        .        .         .         .         .     
 79  20.994  14.8335  0.71684  7.09048  1.41532  -0.33290   1.95875   0.34736
 80  15.931  28.8988  0.62422  0.46445  0.55128  -0.47126  -0.76691  -0.59552
 81  40.072  13.8778  2.52772  3.14831  2.88748   0.92732   1.14686   1.06038
 82   1.532   1.5398   .       0.74642  0.99522    .       -0.29247  -0.00479
 83   0.000   0.0000   .        .        .         .         .         .     
 84   0.000   0.0000   .        .        .         .         .         .     
 85  55.242  61.9123  0.93686  0.73245  0.89226  -0.06522  -0.31136  -0.11400
 86   0.000   0.0000   .        .        .         .         .         .     
 87   0.379   0.0000   .        .        .         .         .         .     
 88   0.000   0.0000   .        .        .         .         .         .     
 89   0.000   0.0000   .        .        .         .         .         .     
 90   0.000   0.0000   .        .        .         .         .         .     
 91   0.000   0.0000   .        .        .         .         .         .     
 92   0.000   0.0000   .        .        .         .         .         .     
 93   0.000   0.0000   .        .        .         .         .         .     
 94   0.000   0.0000   .        .        .         .         .         .     
